1.002200220000 0.107202888471 0.290889931225 0.014273830677 0.625492135538 0.486523882770
1.004400440000 0.107302565857 0.291097010205 0.013987473240 0.625801806037 0.486837801583
1.006600660000 0.107400320969 0.291299928646 0.013701326464 0.626104033209 0.487145365480
1.008800880000 0.107496127474 0.291499230753 0.013415350849 0.626400642775 0.487447697982
1.011001100000 0.107589967817 0.291694723422 0.013129537618 0.626691494296 0.487744799089
1.013201320000 0.107681912218 0.291886037997 0.012843926270 0.626974832270 0.488034948409
1.015401540000 0.107772390776 0.292073648463 0.012558490472 0.627252552638 0.488319690784
1.017601760000 0.107860841728 0.292257256385 0.012273247779 0.627523040339 0.488597902692
1.019801980000 0.107947107082 0.292437160199 0.011988136748 0.627788050875 0.488871023646
1.022002200000 0.108032205026 0.292613272129 0.011703236378 0.628046741605 0.489137824794
1.024202420000 0.108114801381 0.292785135745 0.011418520336 0.628298269888 0.489398130585
1.026402640000 0.108195607124 0.292953435692 0.011134093951 0.628544040125 0.489652748551
1.028602860000 0.108274648588 0.293117891091 0.010849768508 0.628783420336 0.489901187151
1.030803080000 0.108351916995 0.293278326391 0.010565658113 0.629016129641 0.490143095284
1.033003300000 0.108427210463 0.293434864477 0.010281775934 0.629242308479 0.490378613392
1.035203520000 0.108500713319 0.293587856450 0.009998095638 0.629462799492 0.490608724554
1.037403740000 0.108572179793 0.293736758104 0.009714617224 0.629676760039 0.490832164810
1.039603960000 0.108641785435 0.293881867874 0.009431345082 0.629883839019 0.491049004379
1.041804180000 0.108709477580 0.294023326200 0.009148309932 0.630085721714 0.491260437003
1.044004400000 0.108775431779 0.294160817093 0.008865445944 0.630280301522 0.491464636961
1.046204620000 0.108839446148 0.294294568767 0.008582801394 0.630469263724 0.491663184202
1.048404840000 0.108901406581 0.294424388118 0.008300389447 0.630651274140 0.491854849877
1.050605060000 0.108961558846 0.294550573579 0.008018174995 0.630827456290 0.492040441517
1.052805280000 0.109019973165 0.294672756497 0.007736171203 0.630996897314 0.492219256919
1.055005500000 0.109038897473 0.294688731563 0.007386084666 0.631159316330 0.492392033396
1.057205720000 0.109086576900 0.294784617065 0.007092292680 0.631315696421 0.492557682536
1.059405940000 0.109133598012 0.294878852396 0.006800164031 0.631466458907 0.492717714071
1.061606160000 0.109178389638 0.294970208705 0.006508878024 0.631610690926 0.492870723598
1.063806380000 0.109221680310 0.295058054009 0.006218070390 0.631748603139 0.493017483540
1.066006600000 0.109263391030 0.295142282981 0.005927679689 0.631880055106 0.493157361915
1.068206820000 0.109302872263 0.295222720068 0.005637543535 0.632005257487 0.493290639604
1.070407040000 0.109340554107 0.295299435493 0.005347622430 0.632124420942 0.493417737926
1.072607260000 0.109376559447 0.295372113263 0.005057881264 0.632236913491 0.493537814242
1.074807480000 0.109410177304 0.295440964039 0.004768298093 0.632343858654 0.493652062293
1.077007700000 0.109442188878 0.295505987822 0.004478811475 0.632444343571 0.493759358556
1.079207920000 0.109471786636 0.295566657961 0.004189460908 0.632537946922 0.493859562593
1.081408140000 0.109500085324 0.295623536215 0.003900189339 0.632625370906 0.493953306384
1.083608360000 0.109526136969 0.295676341706 0.003610987989 0.632706685745 0.494040414378
1.085808580000 0.109549976682 0.295725214874 0.003321874415 0.632782312758 0.494121272786
1.088008800000 0.109571832678 0.295769804617 0.003032844227 0.632850847544 0.494194933637
1.090209020000 0.109592178943 0.295810567366 0.002743849149 0.632913413624 0.494262064022
1.092409240000 0.109609927065 0.295847222241 0.002454902348 0.632969940779 0.494322734160
1.094609460000 0.109626025015 0.295879769243 0.002165981879 0.633019937467 0.494376452512
1.096809680000 0.109639893479 0.295908278590 0.001877118464 0.633063684569 0.494423429738
1.099009900000 0.109652146881 0.295932750284 0.001588298936 0.633101462966 0.494463946717
1.101210120000 0.109661723142 0.295953008774 0.001299453076 0.633132359796 0.494497301249
1.103410340000 0.109670368988 0.295969440269 0.001010668658 0.633157919900 0.494524651965
1.105610560000 0.109676232364 0.295981553231 0.000721919351 0.633176177118 0.494544243364
1.107810780000 0.109680287573 0.295989663649 0.000433130544 0.633188886950 0.494558111828
1.110011000000 0.109682315177 0.295993771523 0.000144372459 0.633194996096 0.494564572074
1.112211220000 0.109682297622 0.295993771523 -0.000144365876 0.633194996096 0.494564572074
1.114411440000 0.109680147133 0.295989663649 -0.000433132739 0.633188886950 0.494558076718
1.116611660000 0.109676302584 0.295981588341 -0.000721928128 0.633176106898 0.494544208254
1.118811880000 0.109670281213 0.295969440269 -0.001010654395 0.633157919900 0.494524722185
1.121012100000 0.109662004023 0.295953008774 -0.001299454173 0.633132289575 0.494497231029
1.123212320000 0.109651927443 0.295932785394 -0.001588290159 0.633101462966 0.494463911607
1.125412540000 0.109640139249 0.295908278590 -0.001877098714 0.633063684569 0.494423429738
1.127612760000 0.109625919685 0.295879734133 -0.002165972004 0.633019867247 0.494376417402
1.129812980000 0.109610032395 0.295847257351 -0.002454880404 0.632970010999 0.494322769270
1.132013200000 0.109591898062 0.295810567366 -0.002743828303 0.632913483844 0.494261993802
1.134213420000 0.109571832678 0.295769804617 -0.003032826672 0.632850777324 0.494194933637
1.136413640000 0.109549967904 0.295725214874 -0.003321882095 0.632782312758 0.494121237676
1.138613860000 0.109525943864 0.295676306596 -0.003610986892 0.632706685745 0.494040414378
1.140814080000 0.109499927329 0.295623536215 -0.003900177269 0.632625511346 0.493953306384
1.143014300000 0.109472093849 0.295566693071 -0.004189463102 0.632537946922 0.493859597703
1.145214520000 0.109442153768 0.295505987822 -0.004478811475 0.632444273351 0.493759358556
1.147414740000 0.109410080752 0.295441034259 -0.004768279989 0.632343858654 0.493652132513
1.149614960000 0.109376331232 0.295372078153 -0.005057875778 0.632236913491 0.493537814242
1.151815180000 0.109340580440 0.295299400382 -0.005347616944 0.632124420942 0.493417808147
1.154015400000 0.109302573828 0.295222720068 -0.005637524883 0.632005117047 0.493290674714
1.156215620000 0.109263110150 0.295142318091 -0.005927662134 0.631880055106 0.493157326805
1.158415840000 0.109221890970 0.295058054009 -0.006218050641 0.631748603139 0.493017413320
1.160616060000 0.109178249198 0.294970208705 -0.006508858274 0.631610761146 0.492870723598
1.162816280000 0.109133080139 0.294878852396 -0.006800162934 0.631466458907 0.492717784291
1.165016500000 0.109086418904 0.294784581955 -0.007092277319 0.631315696421 0.492557717646
1.167216720000 0.109038862363 0.294688731563 -0.007386091249 0.631159316330 0.492392068506
1.169416940000 0.109019622065 0.294672756497 -0.007736156939 0.630996756873 0.492219221809
1.171617160000 0.108961444739 0.294550573579 -0.008018168412 0.630827456290 0.492040511737
1.173817380000 0.108901266141 0.294424353008 -0.008300382864 0.630651203920 0.491854849877
1.176017600000 0.108839147713 0.294294551212 -0.008582798102 0.630469193504 0.491663219312
1.178217820000 0.108775361559 0.294160781983 -0.008865430584 0.630280301522 0.491464636961
1.180418040000 0.108709345918 0.294023291090 -0.009148300058 0.630085651494 0.491260542333
1.182618260000 0.108641565997 0.293881885429 -0.009431330818 0.629883839019 0.491049004379
1.184818480000 0.108571960355 0.293736793214 -0.009714597475 0.629676760039 0.490832235030
1.187018700000 0.108500564101 0.293587751120 -0.009998078083 0.629462729272 0.490608654334
1.189218920000 0.108427245573 0.293434899587 -0.010281767157 0.629242308479 0.490378648502
1.191419140000 0.108351759000 0.293278326391 -0.010565660308 0.629016059421 0.490143095284
1.193619360000 0.108274955801 0.293117891091 -0.010849745467 0.628783420336 0.489901152041
1.195819580000 0.108195694899 0.292953453247 -0.011134073105 0.628544110345 0.489652748551
1.198019800000 0.108114924266 0.292785170855 -0.011418532405 0.628298269888 0.489398060365
1.200220020000 0.108032363022 0.292613237019 -0.011703229795 0.628046741605 0.489137859904
1.202420240000 0.107947563512 0.292437107534 -0.011988124679 0.627788050875 0.488870988536
1.204620460000 0.107860903171 0.292257414380 -0.012273239001 0.627523602100 0.488598534673
1.206820680000 0.107772513661 0.292073595798 -0.012558431223 0.627252341978 0.488319655674
1.209020900000 0.107682087768 0.291886073107 -0.012843899937 0.626974762050 0.488034948409
1.211221120000 0.107589959039 0.291694705867 -0.013129517869 0.626691494296 0.487744869309
1.213421340000 0.107495916814 0.291499371193 -0.013415339877 0.626401204536 0.487448259742
1.215621560000 0.107400241971 0.291300086641 -0.013701302326 0.626104594970 0.487146032570
1.217821780000 0.107302363974 0.291096992650 -0.013987476532 0.625801595377 0.486837766473
1.220022000000 0.107202993801 0.290889948780 -0.014273809830 0.625492205758 0.486523882770
