0.001413026659
0.001413073277
0.001413061883
0.001413116407
0.001413063428
0.001413111356
0.001413107928
0.001413014793
0.001413111394
0.001413099013
0.001413115671
0.001413103244
0.001413022143
0.001413065136
0.001413084673
0.001413079785
0.001413034269
0.001413046215
0.001413063879
0.001413030688
0.001413072391
0.001413094206
0.001413087513
0.001413067778
0.001413096370
0.001413049810
0.001413064879
0.001413077706
0.001413051612
0.001413031318
0.001412993786
0.001413057491
0.001413059341
0.001413020250
0.001413054507
0.001413057277
0.001413048968
0.001413088526
0.001413011008
0.001413075819
0.001413080562
0.001413066236
0.001413080067
0.001413040042
0.001413055773
0.001413008887
0.001413104433
0.001413057896
0.001413104035
0.001413163963
0.001413125474
0.001413101883
0.001413094058
0.001413129921
0.001413104544
0.001413074568
0.001413120401
0.001413109093
0.001413146619
0.001413071396
0.001413060197
0.001413108284
0.001413116336
0.001413129027
0.001413129451
0.001413094237
0.001413119224
0.001413087870
0.001413140367
0.001413097647
0.001413109786
0.001413149745
0.001413175732
0.001413058735
0.001413056865
0.001413107879
0.001413149889
0.001413126698
0.001413178378
0.001413140027
0.001413165604
0.001413139941
0.001413156365
0.001413160146
0.001413166450
0.001413203462
0.001413118908
0.001413192291
0.001413118176
0.001413200457
0.001413197307
0.001413250847
0.001413244158
0.001413247905
0.001413251196
0.001413208994
0.001413181916
0.001413196081
0.001413261119
0.001413182868
0.001413300988
0.001413276959
0.001413228651
0.001413224174
0.001413211531
0.001413241182
0.001413229887
0.001413292612
0.001413259332
0.001413304639
0.001413321331
0.001413266075
0.001413344580
0.001413286678
0.001413281461
0.001413326040
0.001413328656
0.001413300535
0.001413293709
0.001413299145
0.001413363347
0.001413364338
0.001413300090
0.001413360791
0.001413327986
0.001413341742
0.001413329125
0.001413306420
0.001413316312
0.001413328349
0.001413401064
0.001413361057
0.001413373630
0.001413375817
0.001413390955
0.001413412268
0.001413403446
0.001413415733
0.001413422567
0.001413457131
0.001413431972
0.001413430580
0.001413383822
0.001413433346
0.001413436953
0.001413447275
0.001413454998
0.001413437360
0.001413419438
0.001413459046
0.001413446740
0.001413552908
0.001413542962
0.001413513158
0.001413413729
0.001413507629
0.001413487977
0.001413490186
0.001413595856
0.001413593299
0.001413530416
0.001413502915
0.001413564866
0.001413556961
0.001413558394
0.001413563460
0.001413580121
0.001413478311
0.001413546598
0.001413561107
0.001413584815
0.001413571621
0.001413574622
0.001413594391
0.001413559301
0.001413538111
0.001413548809
0.001413597486
0.001413616528
0.001413592320
0.001413603004
0.001413585887
0.001413624297
0.001413610125
0.001413593836
0.001413612756
0.001413676169
0.001413680804
0.001413687308
0.001413681079
0.001413661513
0.001413708680
0.001413646877
0.001413717147
0.001413678068
0.001413727472
0.001413698480
0.001413696336
0.001413704608
0.001413740616
0.001413768919
0.001413677399
0.001413720130
0.001413743321
0.001413756387
0.001413757213
0.001413691107
0.001413724733
0.001413744480
0.001413820879
0.001413709661
0.001413751154
0.001413756827
0.001413818464
0.001413791156
0.001413783702
0.001413803773
0.001413732748
0.001413774251
0.001413788320
0.001413839861
0.001413819412
0.001413794723
0.001413810146
0.001413850061
0.001413872752
0.001413859650
0.001413920573
0.001413770054
0.001413842619
0.001413827507
0.001413903781
0.001413851385
0.001413874096
0.001413870196
0.001413879293
0.001413861591
0.001413894903
0.001413924673
0.001413874017
0.001413892356
0.001413918449
0.001413914547
0.001413823795
0.001413968526
0.001413934588
0.001413912107
0.001413966068
0.001413940986
0.001413939249
0.001413908944
0.001413954966
0.001413953028
0.001413927732
0.001414002139
0.001413983541
0.001413963661
0.001413997843
0.001413974622
0.001413919128
0.001413956270
0.001413965545
0.001413919643
0.001414000180
0.001413968994
0.001413973991
0.001413981707
0.001413943956
0.001413962404
0.001414005385
0.001413968862
0.001413977735
0.001413997441
0.001413958954
0.001413983297
0.001414011862
0.001413957855
0.001414006306
0.001413968576
0.001414007153
0.001413913251
0.001413962177
0.001413973914
0.001413973027
0.001413936391
0.001413966107
0.001413980099
0.001413982647
0.001413982727
0.001413925006
0.001414002528
0.001413993696
0.001413920230
0.001413949474
0.001413933303
0.001413912617
0.001413917271
0.001413987923
0.001413917537
0.001413940500
0.001413983795
0.001413924781
0.001413902734
0.001413881709
0.001413887288
0.001413922306
0.001413863271
0.001413881166
0.001413840376
0.001413896540
0.001413820581
0.001413854073
0.001413814202
0.001413899005
0.001413841075
0.001413841480
0.001413807954
0.001413798319
0.001413805290
0.001413815239
0.001413826934
0.001413762655
0.001413728637
0.001413678186
0.001413664544
0.001413695467
0.001413700994
0.001413617499
0.001413625612
0.001413643262
0.001413647884
0.001413593392
0.001413563670
0.001413569451
0.001413556465
0.001413570147
0.001413525668
0.001413493380
0.001413450129
0.001413436773
0.001413467970
0.001413426505
0.001413423298
0.001413389923
0.001413293796
0.001413307045
0.001413249119
0.001413293099
0.001413220598
0.001413174403
0.001413182323
0.001413240080
0.001413111341
0.001413076812
0.001413080942
0.001413022278
0.001412992639
0.001412979431
0.001412910760
0.001412848220
0.001412847481
0.001412775546
0.001412796494
0.001412722013
0.001412746406
0.001412660245
0.001412621882
0.001412582818
0.001412534042
0.001412497584
0.001412459012
0.001412374391
0.001412360629
0.001412290323
0.001412251548
0.001412199377
0.001412129445
0.001412139689
0.001412150613
0.001412129207
0.001412104600
0.001412057040
0.001412101786
0.001412051271
0.001412002590
0.001412015979
0.001412001022
0.001412026464
0.001412041177
0.001411988692
0.001411950419
0.001411945040
0.001411912808
0.001411888806
0.001411923268
0.001411873869
0.001411895790
0.001411837861
0.001411835490
0.001411786839
0.001411766135
0.001411771025
0.001411797137
0.001411737081
0.001411742508
0.001411729121
0.001411699049
0.001411703856
0.001411641648
0.001411644051
0.001411588020
0.001411636064
0.001411599011
0.001411580744
0.001411536799
0.001411546971
0.001411569952
0.001411519617
0.001411468356
0.001411531706
0.001411456939
0.001411423507
0.001411415984
0.001411421767
0.001411351393
0.001411323382
0.001411381754
0.001411322871
0.001411332307
0.001411330810
0.001411242427
0.001411252027
0.001411215875
0.001411177871
0.001411208832
0.001411244265
0.001411150257
0.001411136020
0.001411192663
0.001411128425
0.001411123223
0.001411121454
0.001411038407
0.001410984882
0.001410981806
0.001411050548
0.001410962194
0.001410888097
0.001410973575
0.001410916776
0.001410872209
0.001410859515
0.001410834015
0.001410787694
0.001410730556
0.001410791742
0.001410708783
0.001410761523
0.001410667823
0.001410695990
0.001410692511
0.001410603651
0.001410581105
0.001410613707
0.001410617927
0.001410571889
0.001410514337
0.001410539988
0.001410496157
0.001410426960
0.001410419571
0.001410417142
0.001410422412
0.001410380895
0.001410331378
0.001410323233
0.001410218804
0.001410258094
0.001410216633
0.001410166613
0.001410177505
0.001410201291
0.001410090516
0.001410068841
0.001410120432
0.001409988055
0.001409954754
0.001409946313
0.001409972709
0.001409900217
0.001409898797
0.001409889126
0.001409845542
0.001409767869
0.001409775335
0.001409699096
0.001409669915
0.001409631159
0.001409632894
0.001409557717
0.001409537454
0.001409552424
0.001409507508
0.001409447525
0.001409469422
0.001409445807
0.001409384256
0.001409331580
0.001409332311
0.001409369234
0.001409240736
0.001409265605
0.001409183709
0.001409124583
0.001409147572
0.001409045622
0.001409067987
0.001408964477
0.001408996175
0.001408962724
0.001408885339
0.001408878591
0.001408849863
0.001408793154
0.001408735296
0.001408664860
0.001408670684
0.001408642920
0.001408596537
0.001408559795
0.001408561339
0.001408506958
0.001408400111
0.001408359983
0.001408350660
0.001408328342
0.001408258662
0.001408205733
0.001408178663
0.001408138468
0.001408076398
0.001408052893
0.001408030847
0.001407959846
0.001407932996
0.001407896597
0.001407841911
0.001407754808
0.001407730945
0.001407704196
0.001407656677
0.001407579282
0.001407557726
0.001407441977
0.001407380279
0.001407392707
0.001407362692
0.001407239532
0.001407211613
0.001407222509
0.001407081565
0.001407072361
0.001407040023
0.001406986187
0.001406851578
0.001406881370
0.001406751637
0.001406745403
0.001406702297
0.001406621425
0.001406484191
0.001406522313
0.001406460055
0.001406373236
0.001406357169
0.001406284830
0.001406233457
0.001406147141
0.001406096725
0.001406070860
0.001405968089
0.001405894094
0.001405767788
0.001405767715
0.001405745032
0.001405622225
0.001405590535
0.001405511120
0.001405465206
0.001405357501
0.001405316658
0.001405222957
0.001405184773
0.001405056504
0.001405002172
0.001404890647
0.001404828224
0.001404780713
0.001404679854
0.001404616037
0.001404493610
0.001404383702
0.001404322661
0.001404221294
0.001404165389
0.001404092507
0.001404052565
0.001403986463
0.001403800129
0.001403786042
0.001403623868
0.001403630752
0.001403466943
0.001403325185
0.001403332637
0.001403235782
0.001403135599
0.001402988078
0.001402845957
0.001402855671
0.001402681174
0.001402628834
0.001402494467
0.001402423952
0.001402314899
0.001402155725
0.001402055840
0.001402022558
0.001402017828
0.001401915159
0.001401841308
0.001401827383
0.001401715912
0.001401637849
0.001401568627
0.001401532020
0.001401502187
0.001401439648
0.001401380961
0.001401326251
0.001401177274
0.001401205038
0.001401110682
0.001401098479
0.001401059424
0.001400973716
0.001400926146
0.001400865137
0.001400796932
0.001400685564
0.001400627488
0.001400626464
0.001400542112
0.001400432678
0.001400347346
0.001400317620
0.001400244333
0.001400240419
0.001400170435
0.001400084293
0.001399976225
0.001399965359
0.001399892245
0.001399817863
0.001399676587
0.001399617715
0.001399635123
0.001399483388
0.001399458119
0.001399383125
0.001399312873
0.001399199545
0.001399201264
0.001399084261
0.001398976718
0.001398958303
0.001398803448
0.001398863242
0.001398714114
0.001398682958
0.001398543709
0.001398497947
0.001398341599
0.001398392566
0.001398216691
0.001398154249
0.001398079865
0.001397986000
0.001397973898
0.001397912270
0.001397820463
0.001397681362
0.001397619912
0.001397547357
0.001397462608
0.001397332435
0.001397253284
0.001397224427
0.001397118280
0.001397057904
0.001396941777
0.001396813713
0.001396767862
0.001396671154
0.001396601061
0.001396458122
0.001396424870
0.001396360128
0.001396239381
0.001396081885
0.001396030858
0.001395932186
0.001395821415
0.001395711879
0.001395654792
0.001395549991
0.001395485029
0.001395322499
0.001395247158
0.001395175395
0.001395076405
0.001394931084
0.001394897931
0.001394858088
0.001394676170
0.001394563533
0.001394498111
0.001394349904
0.001394223591
0.001394157812
0.001394047678
0.001393954784
0.001393815741
0.001393700661
0.001393569218
0.001393511233
0.001393386675
0.001393294913
0.001393142868
0.001393018930
0.001392944310
0.001392839424
0.001392727732
0.001392581959
0.001392413160
0.001392349032
0.001392228555
0.001392201063
0.001392003928
0.001391896784
0.001391780872
0.001391624578
0.001391510644
0.001391357293
0.001391216143
0.001391171646
0.001390970820
0.001390881627
0.001390732154
0.001390607506
0.001390528166
0.001390292882
0.001390168504
0.001390068291
0.001389907049
0.001389863595
0.001389663402
0.001389499913
0.001389408237
0.001389245138
0.001389088436
0.001388969694
0.001388874477
0.001388670669
0.001388550566
0.001388397524
0.001388232773
0.001388136028
0.001387947706
0.001387753076
0.001387669642
0.001387502500
0.001387318743
0.001387174631
0.001387010714
0.001386900345
0.001386727228
0.001386597820
0.001386372031
0.001386226617
0.001386096538
0.001385945278
0.001385725599
0.001385534180
0.001385401048
0.001385243152
0.001385087894
0.001384886585
0.001384726280
0.001384551327
0.001384369124
0.001384196221
0.001384032902
0.001383825803
0.001383706293
0.001383424685
0.001383287360
0.001383138006
0.001382977497
0.001382746751
0.001382517641
0.001382347660
0.001382174595
0.001381944192
0.001381777149
0.001381602762
0.001381422467
0.001381212040
0.001381033223
0.001380834738
0.001380597022
0.001380468744
0.001380214298
0.001380003744
0.001379780663
0.001379582171
0.001379379593
0.001379172690
0.001378940515
0.001378638765
0.001378438046
0.001378279852
0.001378016153
0.001377846296
0.001377559199
0.001377353662
0.001377108452
0.001376895970
0.001376661251
0.001376452072
0.001376195873
0.001375906011
0.001375686447
0.001375469900
0.001375281479
0.001375045637
0.001374782263
0.001374470871
0.001374232575
0.001373979348
0.001373768545
0.001373497954
0.001373246740
0.001372938808
0.001372798000
0.001372438708
0.001372192553
0.001371937733
0.001371609520
0.001371363923
0.001371089126
0.001370807132
0.001370531535
0.001370250361
0.001370008414
0.001369706748
0.001369387778
0.001369146508
0.001368810962
0.001368505248
0.001368244343
0.001367946003
0.001367590612
0.001367368364
0.001366971692
0.001366702203
0.001366349862
0.001366057282
0.001365846052
0.001365597893
0.001365374101
0.001365365482
0.001365147811
0.001364934764
0.001364787419
0.001364633014
0.001364565955
0.001364296650
0.001364096866
0.001363964922
0.001363806935
0.001363659789
0.001363494537
0.001363333088
0.001363166743
0.001362965677
0.001362775269
0.001362587460
0.001362494422
0.001362326662
0.001362120956
0.001361855089
0.001361847483
0.001361594585
0.001361415179
0.001361254918
0.001361094690
0.001360907588
0.001360711174
0.001360514493
0.001360354283
0.001360123941
0.001359956214
0.001359870894
0.001359599191
0.001359436176
0.001359244606
0.001359067283
0.001358896030
0.001358706717
0.001358541960
0.001358300948
0.001358150833
0.001357982448
0.001357760462
0.001357583317
0.001357386436
0.001357180999
0.001356985286
0.001356754098
0.001356553017
0.001356422195
0.001356233991
0.001355960804
0.001355801944
0.001355610589
0.001355375029
0.001355191672
0.001355000676
0.001354881120
0.001354599761
0.001354413890
0.001354232613
0.001354001586
0.001353770654
0.001353609423
0.001353398732
0.001353157532
0.001353043666
0.001352709286
0.001352500856
0.001352339335
0.001352052279
0.001351894702
0.001351704082
0.001351444551
0.001351194728
0.001351043180
0.001350822267
0.001350590374
0.001350349105
0.001350151847
0.001349968108
0.001349673108
0.001349468757
0.001349302540
0.001349012401
0.001348787802
0.001348576707
0.001348324026
0.001348059396
0.001347861012
0.001347682373
0.001347417812
0.001347200736
0.001346979228
0.001346768063
0.001346563012
0.001346228808
0.001346053521
0.001345691825
0.001345546156
0.001345285554
0.001345056288
0.001344755948
0.001344551287
0.001344276167
0.001344064066
0.001343847727
0.001343583480
0.001343295196
0.001343101233
0.001342810294
0.001342561345
0.001342315415
0.001342090477
0.001341826388
0.001341476581
0.001341299315
0.001341019390
0.001340801022
0.001340543712
0.001340269305
0.001340023891
0.001339785926
0.001339452573
0.001339207543
0.001338950741
0.001338657600
0.001338421253
0.001338177884
0.001337824468
0.001337591955
0.001337303258
0.001337030434
0.001336839466
0.001336487505
0.001336206034
0.001335991773
0.001335629642
0.001335384599
0.001335099910
0.001334783796
0.001334482945
0.001334215888
0.001333898486
0.001333635686
0.001333413283
0.001333094011
0.001332771974
0.001332475656
0.001332150576
0.001331937305
0.001331558893
0.001331307645
0.001330987509
0.001330759446
0.001330398348
0.001330074041
0.001329797180
0.001329451055
0.001329180590
0.001328812478
0.001328566068
0.001328250312
0.001327944067
0.001327681159
0.001327296958
0.001326977236
0.001326599600
0.001326367361
0.001326035954
0.001325737218
0.001325380065
0.001325110522
0.001324670299
0.001324372299
0.001323982219
0.001323734264
0.001323435132
0.001323091890
0.001322761559
0.001322370393
0.001322079528
0.001321791382
0.001321437289
0.001321009307
0.001320741921
0.001320363875
0.001320036167
0.001319665515
0.001319233265
0.001319004364
0.001318572301
0.001318258851
0.001317866998
0.001317572344
0.001317157919
0.001316829253
0.001316440445
0.001316158454
0.001315752203
0.001315402168
0.001314961592
0.001314604621
0.001314281059
0.001313928184
0.001313525542
0.001313106234
0.001312823717
0.001312336929
0.001312032850
0.001311636240
0.001311327828
0.001310879086
0.001310489595
0.001310153858
0.001309673223
0.001309285762
0.001308975362
0.001308508604
0.001308142692
0.001307730879
0.001307285001
0.001306950729
0.001306512060
0.001306125086
0.001305670144
0.001305313395
0.001304910563
0.001304442831
0.001304061321
0.001303637854
0.001303307893
0.001302798683
0.001302352328
0.001301984683
0.001301555093
0.001301129072
0.001300662346
0.001300236577
0.001299807120
0.001299431636
0.001298947321
0.001298503285
0.001298110974
0.001297615104
0.001297179959
0.001296660200
0.001296305809
0.001295844427
0.001295375884
0.001294965267
0.001294411461
0.001294027805
0.001293515705
0.001293045471
0.001292599895
0.001292172003
0.001291714487
0.001291301100
0.001290747880
0.001290311314
0.001289824818
0.001289320061
0.001288845116
0.001288369801
0.001287878526
0.001287379810
0.001286901911
0.001286407338
0.001285949213
0.001285383840
0.001284949139
0.001284407564
0.001283920365
0.001283370169
0.001282882599
0.001282464977
0.001281950963
0.001281330894
0.001280851894
0.001280405336
0.001279813255
0.001279277681
0.001278811339
0.001278260156
0.001277704524
0.001277263646
0.001276682934
0.001276097068
0.001275573000
0.001275054094
0.001274528947
0.001273935087
0.001273433493
0.001272830280
0.001272329439
0.001271750589
0.001271164524
0.001270660418
0.001270058302
0.001269511415
0.001268936701
0.001268369509
0.001267749599
0.001267231130
0.001266715511
0.001266098131
0.001265508043
0.001264887251
0.001264282014
0.001263793242
0.001263110939
0.001262574245
0.001261927227
0.001261295326
0.001260655789
0.001260069807
0.001259491216
0.001258949818
0.001258290013
0.001257676931
0.001257068708
0.001256443844
0.001255808309
0.001255137201
0.001254496452
0.001253920554
0.001253280139
0.001252661722
0.001251951464
0.001251366888
0.001250719528
0.001250032716
0.001249384375
0.001248722116
0.001248026300
0.001247401022
0.001246763398
0.001246121405
0.001245367844
0.001244734942
0.001244054395
0.001243374307
0.001242706819
0.001242029478
0.001241318605
0.001240603105
0.001239978328
0.001239178104
0.001238544243
0.001237818008
0.001237172536
0.001236348795
0.001235657240
0.001234971826
0.001234208481
0.001233572179
0.001232775782
0.001232026296
0.001231341203
0.001230616199
0.001229812582
0.001229138542
0.001228356810
0.001227630247
0.001226867226
0.001226080224
0.001225412145
0.001224549138
0.001223732699
0.001223030999
0.001222212481
0.001221473694
0.001220687306
0.001219860206
0.001219101287
0.001218333713
0.001217548155
0.001216714289
0.001215908445
0.001215160241
0.001214313219
0.001213558834
0.001212633408
0.001211862219
0.001210991129
0.001210232389
0.001209393007
0.001208520060
0.001207714182
0.001206788343
0.001206028163
0.001205115254
0.001204277030
0.001203442828
0.001202505939
0.001201693250
0.001200810334
0.001199972321
0.001199105803
0.001198222278
0.001197300704
0.001196383584
0.001195547825
0.001194600323
0.001193723471
0.001192832849
0.001191908034
0.001191018578
0.001190031942
0.001189165626
0.001188208637
0.001187238750
0.001186356538
0.001185366002
0.001184478731
0.001183508287
0.001182527067
0.001181602138
0.001180646738
0.001179704741
0.001178654486
0.001177681050
0.001176725872
0.001175729602
0.001174723064
0.001173735570
0.001172773077
0.001171781518
0.001170754602
0.001169757713
0.001168736066
0.001167698014
0.001166623055
0.001165601680
0.001164604904
0.001163589053
0.001162553616
0.001161496755
0.001160476884
0.001159387633
0.001158315179
0.001157269924
0.001156176103
0.001155119024
0.001154023464
0.001152912451
0.001151845774
0.001150697520
0.001149608039
0.001148554519
0.001147400500
0.001146222412
0.001145192730
0.001144104466
0.001142874957
0.001141791797
0.001140581227
0.001139478114
0.001138345236
0.001137168477
0.001136097935
0.001134843854
0.001133698338
0.001132524888
0.001131276425
0.001130083200
0.001128940133
0.001127724203
0.001126556821
0.001125284370
0.001124132626
0.001122898051
0.001121670846
0.001120497340
0.001119201117
0.001117912186
0.001116678590
0.001115412013
0.001114173797
0.001112889451
0.001111594441
0.001110337140
0.001109023938
0.001107764205
0.001106468810
0.001105180159
0.001103835863
0.001102491312
0.001101204423
0.001099885725
0.001098630750
0.001097233374
0.001095948539
0.001094525560
0.001093207362
0.001091832943
0.001090462578
0.001089083709
0.001087707179
0.001086306859
0.001084910424
0.001083521667
0.001082113765
0.001080803253
0.001079355227
0.001077907967
0.001076496637
0.001075076799
0.001073599226
0.001072129205
0.001070671806
0.001069247816
0.001067806629
0.001066287598
0.001064762594
0.001063358020
0.001061860954
0.001060358077
0.001058826876
0.001057306586
0.001055864767
0.001054291099
0.001052800550
0.001051244190
0.001049672444
0.001048179109
0.001046601700
0.001045019959
0.001043433311
0.001041910210
0.001040247827
0.001038651486
0.001037124044
0.001035496050
0.001033889608
0.001032272701
0.001030648976
0.001028968536
0.001027378579
0.001025660322
0.001024079929
0.001022474670
0.001020729675
0.001019114971
0.001017414888
0.001015681797
0.001014059852
0.001012308625
0.001010628712
0.001008902160
0.001007211956
0.001005444219
0.001003714992
0.001001921700
0.001000267688
0.000998456140
0.000996742987
0.000994934295
0.000993160269
0.000991382233
0.000989564599
0.000987780778
0.000986005816
0.000984158254
0.000982351426
0.000980512834
0.000978688619
0.000976857137
0.000974995272
0.000973132155
0.000971289663
0.000969355926
0.000967520081
0.000965613601
0.000963732217
0.000961859595
0.000959896432
0.000957971649
0.000956117654
0.000954157962
0.000952211707
0.000950289457
0.000948326493
0.000946362113
0.000944454596
0.000942400415
0.000940493049
0.000938453856
0.000936421139
0.000934539233
0.000932450025
0.000930537486
0.000928481566
0.000926459564
0.000924327598
0.000922364304
0.000920357605
0.000918234419
0.000916163680
0.000914144276
0.000912053045
0.000909940337
0.000907925453
0.000905803832
0.000903711175
0.000901544825
0.000899491315
0.000897380235
0.000895213961
0.000893120587
0.000890940240
0.000888848188
0.000886648126
0.000884496217
0.000882300990
0.000880187011
0.000877977433
0.000875841445
0.000873609631
0.000871457573
0.000869218635
0.000867086458
0.000864827467
0.000862635271
0.000860391186
0.000858128921
0.000855907431
0.000853712824
0.000851479970
0.000849225649
0.000847003353
0.000844714222
0.000842461419
0.000840193658
0.000837908257
0.000835653488
0.000833464014
0.000831097937
0.000828839745
0.000826535975
0.000824242330
0.000821981105
0.000819703290
0.000817415579
0.000815104665
0.000812759184
0.000810519844
0.000808229726
0.000805857899
0.000803525602
0.000801273738
0.000798949132
0.000796640115
0.000794325644
0.000792074551
0.000789715894
0.000787357958
0.000785088194
0.000782770545
0.000780457398
0.000778146035
0.000775798848
0.000773553675
0.000771190862
0.000768899017
0.000766631075
0.000764326784
0.000762011250
0.000759720128
0.000757415116
0.000755170576
0.000752885283
0.000750572985
0.000748314296
0.000746005850
0.000743791043
0.000741531148
0.000739310517
0.000737047479
0.000734825567
0.000732569728
0.000730401170
0.000728207811
0.000725980084
0.000723797846
0.000721626615
0.000719518013
0.000717322332
0.000715204851
0.000713043624
0.000710987383
0.000708897584
0.000706754172
0.000704724255
0.000702667964
0.000700626125
0.000698662331
0.000696625489
0.000694656547
0.000692655989
0.000690787161
0.000688883497
0.000686951862
0.000685078763
0.000683204147
0.000681421254
0.000679576595
0.000677825924
0.000676049503
0.000674350624
0.000672714306
0.000671000951
0.000669377410
0.000667783114
0.000666186189
0.000664706660
0.000663128963
0.000661740004
0.000660332533
0.000658864475
0.000657563798
0.000656226327
0.000654941365
0.000653763534
0.000652541734
0.000651359933
0.000650300438
0.000649253304
0.000648231657
0.000647265033
0.000646341051
0.000645422162
0.000644441862
0.000643481566
0.000642573109
0.000641567013
0.000640636657
0.000639659658
0.000638658982
0.000637706368
0.000636710606
0.000635717010
0.000634705959
0.000633678096
0.000632691962
0.000631628826
0.000630659151
0.000629634862
0.000628510919
0.000627500514
0.000626459046
0.000625400736
0.000624335596
0.000623273421
0.000622185462
0.000621083691
0.000620064578
0.000618945560
0.000617827287
0.000616716320
0.000615628740
0.000614529772
0.000613426974
0.000612255207
0.000611146549
0.000609994195
0.000608866299
0.000607666624
0.000606486895
0.000605322024
0.000604159901
0.000602920121
0.000601732412
0.000600555085
0.000599371703
0.000598119889
0.000596909916
0.000595697771
0.000594438312
0.000593205748
0.000591978238
0.000590690692
0.000589418231
0.000588142774
0.000586892517
0.000585625247
0.000584315805
0.000583011789
0.000581701556
0.000580413396
0.000579080634
0.000577666980
0.000576370018
0.000574991182
0.000573658628
0.000572284484
0.000570936904
0.000569506631
0.000568159328
0.000566746506
0.000565336797
0.000563862619
0.000562444181
0.000561058779
0.000559578447
0.000558141131
0.000556659906
0.000555191959
0.000553741575
0.000552249741
0.000550740357
0.000549216367
0.000547787835
0.000546203843
0.000544679124
0.000543105901
0.000541573618
0.000540046073
0.000538395779
0.000536858172
0.000535294410
0.000533666451
0.000532075171
0.000530493818
0.000528806830
0.000527213058
0.000525542935
0.000523874599
0.000522207168
0.000520536570
0.000518848876
0.000517138635
0.000515431834
0.000513729911
0.000511979376
0.000510256758
0.000508508921
0.000506762036
0.000504929568
0.000503158494
0.000501401866
0.000499543760
0.000497734120
0.000495872223
0.000494097434
0.000492251628
0.000490315391
0.000488507123
0.000486562094
0.000484740389
0.000482772056
0.000480856500
0.000478909253
0.000477055526
0.000475020500
0.000473062192
0.000471074379
0.000469064018
0.000467122194
0.000465006839
0.000463034930
0.000460942385
0.000458916432
0.000456876214
0.000454787732
0.000452675663
0.000450568938
0.000448450585
0.000446315212
0.000444127093
0.000441961643
0.000439796609
0.000437597637
0.000435425637
0.000433249150
0.000431032570
0.000428717602
0.000426471126
0.000424207455
0.000421965857
0.000419598414
0.000417336906
0.000414969074
0.000412653988
0.000410258078
0.000407848163
0.000405452691
0.000403040833
0.000400657713
0.000398136583
0.000395759156
0.000393239443
0.000390775552
0.000388277581
0.000385795638
0.000383237795
0.000380701314
0.000378161091
0.000375542391
0.000372934473
0.000370345157
0.000367641006
0.000365037603
0.000362374527
0.000359716601
0.000356979908
0.000354259998
0.000351516933
0.000348764682
0.000345965093
0.000343220936
0.000340385053
0.000337549543
0.000334682318
0.000331821150
0.000328981903
0.000326137026
0.000323202539
0.000320212136
0.000317271516
0.000314307316
0.000311326494
0.000308277698
0.000305233804
0.000302178685
0.000299113884
0.000296038180
0.000292854540
0.000289783924
0.000286590798
0.000283385284
0.000280208588
0.000276966990
0.000273743073
0.000270470662
0.000267207426
0.000263871748
0.000260583837
0.000257212654
0.000253868624
0.000250454662
0.000247103723
0.000243641783
0.000240101451
0.000236613647
0.000233147240
0.000229606169
0.000226030139
0.000222491538
0.000218863558
0.000215255454
0.000211572308
0.000207964077
0.000204222008
0.000200509776
0.000196734888
0.000192979569
0.000189117308
0.000185362963
0.000181502372
0.000177606817
0.000173713988
0.000169769966
0.000165869675
0.000161830995
0.000157833241
0.000153775088
0.000149778817
0.000145616237
0.000141482963
0.000137327610
0.000133144329
0.000128984837
0.000124705282
0.000120457788
0.000116144530
0.000111849081
0.000107470442
0.000103126464
0.000098708071
0.000094240976
0.000089773791
0.000085279072
0.000080748488
0.000076173936
0.000071574250
0.000066948428
0.000062299832
0.000057585785
0.000052857127
0.000048073731
0.000043331389
0.000038498707
0.000033658346
0.000028743281
0.000023471876
0.000018145197
0.000013098006
0.000008327523
0.000003317037
0.000000000000
0.000000000000
0.000000000000
0.000000000000
0.000000000000
0.000000000000
0.000000000000
0.000000000000
0.000000000000
0.000000000000
0.000000000000
0.000000000000
0.000000000000
0.000000000000
0.000000000000
0.000000000000
0.000000000000
0.000000000000
0.000000000000
0.000000000000
0.000000000000
0.000000000000
0.000000000000
0.000000000000
0.000000000000
0.000000000000
0.000000000000
0.000000000000
0.000000000000
0.000000000000
0.000000000000
0.000000000000
0.000000000000
0.000000000000
0.000000000000
0.000000000000
0.000000000000
0.000000000000
0.000000000000
0.000000000000
0.000000000000
0.000000000000
0.000000000000
0.000000000000
0.000000000000
0.000000000000
0.000000000000
0.000000000000
0.000000000000
0.000000000000
0.000000000000
0.000000000000
0.000000000000
0.000000000000
0.000000000000
0.000000000000
0.000000000000
0.000000000000
0.000000000000
0.000000000000
0.000000000000
0.000000000000
0.000000000000
0.000000000000
0.000000000000
0.000000000000
0.000000000000
0.000000000000
0.000000000000
0.000000000000
0.000000000000
0.000000000000
0.000000000000
0.000000000000
0.000000000000
0.000000000000
0.000000000000
0.000000000000
0.000000000000
0.000000000000
0.000000000000
0.000000000000
0.000000000000
0.000000000000
0.000000000000
0.000000000000
0.000000000000
0.000000000000
0.000000000000
0.000000000000
0.000000000000
0.000000000000
0.000000000000
0.000000000000
0.000000000000
0.000000000000
0.000000000000
0.000000000000
0.000000000000
0.000000000000
0.000000000000
0.000000000000
0.000000000000
0.000000000000
0.000000000000
0.000000000000
0.000000000000
0.000000000000
0.000000000000
0.000000000000
0.000000000000
0.000000000000
0.000000000000
0.000000000000
0.000000000000
0.000000000000
0.000000000000
0.000000000000
0.000000000000
0.000000000000
0.000000000000
0.000000000000
0.000000000000
0.000000000000
0.000000000000
0.000000000000
0.000000000000
0.000000000000
0.000000000000
0.000000000000
0.000000000000
0.000000000000
0.000000000000
0.000000000000
0.000000000000
0.000000000000
0.000000000000
0.000000000000
0.000000000000
0.000000000000
0.000000000000
0.000000000000
0.000000000000
0.000000000000
0.000000000000
0.000000000000
0.000000000000
0.000000000000
0.000000000000
0.000000000000
0.000000000000
0.000000000000
0.000000000000
0.000000000000
0.000000000000
0.000000000000
0.000000000000
0.000000000000
0.000000000000
0.000000000000
0.000000000000
0.000000000000
0.000000000000
0.000000000000
0.000000000000
0.000000000000
0.000000000000
0.000000000000
0.000000000000
0.000000000000
0.000000000000
0.000000000000
0.000000000000
0.000000000000
0.000000000000
0.000000000000
0.000000000000
0.000000000000
0.000000000000
0.000000000000
0.000000000000
0.000000000000
0.000000000000
0.000000000000
0.000000000000
0.000000000000
0.000000000000
0.000000000000
0.000000000000
0.000000000000
0.000000000000
0.000000000000
0.000000000000
0.000000000000
0.000000000000
0.000000000000
0.000000000000
0.000000000000
0.000000000000
0.000000000000
0.000000000000
0.000000000000
0.000000000000
0.000000000000
0.000000000000
0.000000000000
0.000000000000
0.000000000000
0.000000000000
0.000000000000
0.000000000000
0.000000000000
0.000000000000
0.000000000000
0.000000000000
0.000000000000
0.000000000000
0.000000000000
0.000000000000
0.000000000000
0.000000000000
0.000000000000
0.000000000000
0.000000000000
0.000000000000
0.000000000000
0.000000000000
0.000000000000
0.000000000000
0.000000000000
0.000000000000
0.000000000000
0.000000000000
0.000000000000
0.000000000000
0.000000000000
0.000000000000
0.000000000000
0.000000000000
0.000000000000
0.000000000000
0.000000000000
0.000000000000
0.000000000000
0.000000000000
0.000000000000
0.000000000000
0.000000000000
0.000000000000
0.000000000000
0.000000000000
0.000000000000
0.000000000000
0.000000000000
0.000000000000
0.000000000000
0.000000000000
0.000000000000
0.000000000000
0.000000000000
0.000000000000
0.000000000000
0.000000000000
0.000000000000
0.000000000000
0.000000000000
0.000000000000
0.000000000000
0.000000000000
0.000000000000
0.000000000000
0.000000000000
0.000000000000
0.000000000000
0.000000000000
0.000000000000
0.000000000000
0.000000000000
0.000000000000
0.000000000000
0.000000000000
0.000000000000
0.000000000000
0.000000000000
0.000000000000
0.000000000000
0.000000000000
0.000000000000
0.000000000000
0.000000000000
0.000000000000
0.000000000000
0.000000000000
0.000000000000
0.000000000000
0.000000000000
0.000000000000
0.000000000000
0.000000000000
0.000000000000
0.000000000000
0.000000000000
0.000000000000
0.000000000000
0.000000000000
0.000000000000
0.000000000000
0.000000000000
0.000000000000
0.000000000000
0.000000000000
0.000000000000
0.000000000000
0.000000000000
0.000000000000
0.000000000000
0.000000000000
0.000000000000
0.000000000000
0.000000000000
0.000000000000
0.000000000000
0.000000000000
0.000000000000
0.000000000000
0.000000000000
0.000000000000
0.000000000000
0.000000000000
0.000000000000
0.000000000000
0.000000000000
0.000000000000
0.000000000000
0.000000000000
0.000000000000
0.000000000000
0.000000000000
0.000000000000
0.000000000000
0.000000000000
0.000000000000
0.000000000000
0.000000000000
0.000000000000
0.000000000000
0.000000000000
0.000000000000
0.000000000000
0.000000000000
0.000000000000
0.000000000000
0.000000000000
0.000000000000
0.000000000000
0.000000000000
0.000000000000
0.000000000000
0.000000000000
0.000000000000
0.000000000000
0.000000000000
0.000000000000
0.000000000000
0.000000000000
0.000000000000
0.000000000000
0.000000000000
0.000000000000
0.000000000000
0.000000000000
0.000000000000
0.000000000000
0.000000000000
0.000000000000
0.000000000000
0.000000000000
0.000000000000
0.000000000000
0.000000000000
0.000000000000
0.000000000000
0.000000000000
0.000000000000
0.000000000000
0.000000000000
0.000000000000
0.000000000000
0.000000000000
0.000000000000
0.000000000000
0.000000000000
0.000000000000
0.000000000000
0.000000000000
0.000000000000
0.000000000000
0.000000000000
0.000000000000
0.000000000000
0.000000000000
0.000000000000
0.000000000000
0.000000000000
0.000000000000
0.000000000000
0.000000000000
0.000000000000
0.000000000000
0.000000000000
0.000000000000
0.000000000000
0.000000000000
0.000000000000
0.000000000000
0.000000000000
0.000000000000
0.000000000000
0.000000000000
0.000000000000
0.000000000000
0.000000000000
0.000000000000
0.000000000000
0.000000000000
0.000000000000
0.000000000000
0.000000000000
0.000000000000
0.000000000000
0.000000000000
0.000000000000
0.000000000000
0.000000000000
0.000000000000
0.000000000000
0.000000000000
0.000000000000
0.000000000000
0.000000000000
0.000000000000
0.000000000000
0.000000000000
0.000000000000
0.000000000000
0.000000000000
0.000000000000
0.000000000000
0.000000000000
0.000000000000
0.000000000000
0.000000000000
0.000000000000
0.000000000000
0.000000000000
0.000000000000
0.000000000000
0.000000000000
0.000000000000
0.000000000000
0.000000000000
0.000000000000
0.000000000000
0.000000000000
0.000000000000
0.000000000000
0.000000000000
0.000000000000
0.000000000000
0.000000000000
0.000000000000
0.000000000000
0.000000000000
0.000000000000
0.000000000000
0.000000000000
0.000000000000
0.000000000000
0.000000000000
0.000000000000
0.000000000000
0.000000000000
0.000000000000
0.000000000000
0.000000000000
0.000000000000
0.000000000000
0.000000000000
0.000000000000
0.000000000000
0.000000000000
0.000000000000
0.000000000000
0.000000000000
0.000000000000
0.000000000000
