1.002200220000 0.007498075912 0.185982185613 0.033436753251 0.592132219119 0.265571035441
1.004400440000 0.008856775406 0.196234295062 0.027616801239 0.594032600555 0.279083286348
1.006600660000 0.010219610811 0.204225925074 0.023481732788 0.595604525774 0.290521271207
1.008800880000 0.011591363855 0.210614798230 0.020461392819 0.596958273345 0.300298791830
1.011001100000 0.012961563981 0.215751226759 0.018275846339 0.598166535457 0.308864415186
1.013201320000 0.014337270952 0.220023560867 0.016663968322 0.599271289227 0.316518443666
1.015401540000 0.015724679782 0.223664463659 0.015427994302 0.600306283438 0.323432807086
1.017601760000 0.017127112851 0.226863952702 0.014457393113 0.601489366975 0.329856981784
1.019801980000 0.018541622933 0.229692665772 0.013711809672 0.602600945438 0.335798884064
1.022002200000 0.019965749017 0.232192506310 0.013092330021 0.603548877575 0.341259795933
1.024202420000 0.021400341977 0.234434632372 0.012555401547 0.604384143288 0.346309855204
1.026402640000 0.022842365502 0.236458616116 0.012083440972 0.605127563032 0.350996946108
1.028602860000 0.024285892952 0.238322033946 0.011661157726 0.605876371728 0.355377743617
1.030803080000 0.025730916441 0.240067016431 0.011257575033 0.606589646360 0.359503449872
1.033003300000 0.027171022199 0.241699996679 0.010883066065 0.607243350333 0.363377757416
1.035203520000 0.028595901616 0.243201227557 0.010530362403 0.607802492367 0.366995849289
1.037403740000 0.029997968693 0.244583619474 0.010198337254 0.608278483573 0.370369629704
1.039603960000 0.031374925598 0.245888984673 0.009868239943 0.608734031545 0.373562024022
1.041804180000 0.032722732602 0.247141401121 0.009546894528 0.609225882781 0.376598189610
1.044004400000 0.034039255686 0.248361917089 0.009219735247 0.609865373168 0.379513688353
1.046204620000 0.035319202688 0.249507922648 0.008891255642 0.610464572843 0.382240363056
1.048404840000 0.036555943982 0.250567915559 0.008557842450 0.611030208198 0.384792042905
1.050605060000 0.037749299450 0.251548178544 0.008228897666 0.611504764460 0.387181737510
1.052805280000 0.038895970265 0.252468928438 0.007913495353 0.611970132021 0.389439210197
1.055005500000 0.039996253980 0.253319074203 0.007592885496 0.612290063300 0.391531281977
1.057205720000 0.041052795835 0.254138021206 0.007268466673 0.612664891218 0.393527637691
1.059405940000 0.042069419063 0.254942781769 0.006938649662 0.613109241090 0.395460001398
1.061606160000 0.043042028300 0.255703085061 0.006608862396 0.613561836735 0.397288856334
1.063806380000 0.043959569324 0.256355898365 0.006282193300 0.613810040372 0.398917122547
1.066006600000 0.044823241508 0.256933816389 0.005974588474 0.613956157416 0.400398654272
1.068206820000 0.045644115028 0.257500914104 0.005689902615 0.614127234671 0.401815902995
1.070407040000 0.046429347476 0.258085254999 0.005409576857 0.614440570935 0.403219433552
1.072607260000 0.047170665553 0.258648763028 0.005120871284 0.614847446580 0.404546713462
1.074807480000 0.047864545272 0.259164921164 0.004810397686 0.615248494290 0.405774202322
1.077007700000 0.048515221173 0.259639364798 0.004489861239 0.615572481427 0.406899160530
1.079207920000 0.049121956445 0.260065632401 0.004185537298 0.615806615706 0.407928512508
1.081408140000 0.049687199508 0.260454781159 0.003899320700 0.615973447454 0.408883587367
1.083608360000 0.050212190519 0.260821255587 0.003607584627 0.616165194968 0.409782273807
1.085808580000 0.050694294346 0.261163137952 0.003297931594 0.616395201098 0.410608237512
1.088008800000 0.051132507191 0.261464026539 0.002993882548 0.616595487188 0.411339158835
1.090209020000 0.051533641564 0.261724826722 0.002696599520 0.616678876518 0.411992201283
1.092409240000 0.051896341690 0.261940850263 0.002398150283 0.616646947526 0.412558950060
1.094609460000 0.052214784878 0.262117447251 0.002115167451 0.616594979133 0.413041221598
1.096809680000 0.052490285568 0.262279600638 0.001841330839 0.616602495333 0.413466717207
1.099009900000 0.052728708687 0.262450340959 0.001551171268 0.616733948253 0.413873323346
1.101210120000 0.052927432222 0.262605905029 0.001254472278 0.616904325635 0.414233577629
1.103410340000 0.053085100152 0.262739582276 0.000972088707 0.617097476818 0.414536258534
1.105610560000 0.053205979634 0.262846872501 0.000706903566 0.617231516758 0.414769075328
1.107810780000 0.053289173449 0.262906430067 0.000422681443 0.617234936768 0.414909510548
1.110011000000 0.053330604974 0.262911720921 0.000144498728 0.617130523246 0.414949644100
1.112211220000 0.053330604974 0.262911720921 -0.000144498728 0.617130523246 0.414949644100
1.114411440000 0.053289173449 0.262906430067 -0.000422681443 0.617234936768 0.414909510548
1.116611660000 0.053205979634 0.262846872501 -0.000706903566 0.617231516758 0.414769075328
1.118811880000 0.053085100152 0.262739582276 -0.000972088707 0.617097476818 0.414536258534
1.121012100000 0.052927432222 0.262605905029 -0.001254472278 0.616904325635 0.414233577629
1.123212320000 0.052728708687 0.262450340959 -0.001551171268 0.616733948253 0.413873323346
1.125412540000 0.052490285568 0.262279600638 -0.001841330839 0.616602495333 0.413466717207
1.127612760000 0.052214784878 0.262117447251 -0.002115167451 0.616594979133 0.413041221598
1.129812980000 0.051896341690 0.261940850263 -0.002398150283 0.616646947526 0.412558950060
1.132013200000 0.051533641564 0.261724826722 -0.002696599520 0.616678876518 0.411992201283
1.134213420000 0.051132507191 0.261464026539 -0.002993882548 0.616595487188 0.411339158835
1.136413640000 0.050694294346 0.261163137952 -0.003297931594 0.616395201098 0.410608237512
1.138613860000 0.050212190519 0.260821255587 -0.003607584627 0.616165194968 0.409782273807
1.140814080000 0.049687199508 0.260454781159 -0.003899320700 0.615973447454 0.408883587367
1.143014300000 0.049121956445 0.260065632401 -0.004185537298 0.615806615706 0.407928512508
1.145214520000 0.048515221173 0.259639364798 -0.004489861239 0.615572481427 0.406899160530
1.147414740000 0.047864545272 0.259164921164 -0.004810397686 0.615248494290 0.405774202322
1.149614960000 0.047170665553 0.258648763028 -0.005120871284 0.614847446580 0.404546713462
1.151815180000 0.046429347476 0.258085254999 -0.005409576857 0.614440570935 0.403219433552
1.154015400000 0.045644115028 0.257500914104 -0.005689902615 0.614127234671 0.401815902995
1.156215620000 0.044823241508 0.256933816389 -0.005974588474 0.613956157416 0.400398654272
1.158415840000 0.043959569324 0.256355898365 -0.006282193300 0.613810040372 0.398917122547
1.160616060000 0.043042028300 0.255703085061 -0.006608862396 0.613561836735 0.397288856334
1.162816280000 0.042069419063 0.254942781769 -0.006938649662 0.613109241090 0.395460001398
1.165016500000 0.041052795835 0.254138021206 -0.007268466673 0.612664891218 0.393527637691
1.167216720000 0.039996253980 0.253319074203 -0.007592885496 0.612290063300 0.391531281977
1.169416940000 0.038895970265 0.252468928438 -0.007913495353 0.611970132021 0.389439210197
1.171617160000 0.037749299450 0.251548178544 -0.008228897666 0.611504764460 0.387181737510
1.173817380000 0.036555943982 0.250567915559 -0.008557842450 0.611030208198 0.384792042905
1.176017600000 0.035319202688 0.249507922648 -0.008891255642 0.610464572843 0.382240363056
1.178217820000 0.034039255686 0.248361917089 -0.009219735247 0.609865373168 0.379513688353
1.180418040000 0.032722732602 0.247141401121 -0.009546894528 0.609225882781 0.376598189610
1.182618260000 0.031374925598 0.245888984673 -0.009868239943 0.608734031545 0.373562024022
1.184818480000 0.029997968693 0.244583619474 -0.010198337254 0.608278483573 0.370369629704
1.187018700000 0.028595901616 0.243201227557 -0.010530362403 0.607802492367 0.366995849289
1.189218920000 0.027171022199 0.241699996679 -0.010883066065 0.607243350333 0.363377757416
1.191419140000 0.025730916441 0.240067016431 -0.011257575033 0.606589646360 0.359503449872
1.193619360000 0.024285892952 0.238322033946 -0.011661157726 0.605876371728 0.355377743617
1.195819580000 0.022842365502 0.236458616116 -0.012083440972 0.605127563032 0.350996946108
1.198019800000 0.021400341977 0.234434632372 -0.012555401547 0.604384143288 0.346309855204
1.200220020000 0.019965749017 0.232192506310 -0.013092330021 0.603548877575 0.341259795933
1.202420240000 0.018541622933 0.229692665772 -0.013711809672 0.602600945438 0.335798884064
1.204620460000 0.017127112851 0.226863952702 -0.014457393113 0.601489366975 0.329856981784
1.206820680000 0.015724679782 0.223664463659 -0.015427994302 0.600306283438 0.323432807086
1.209020900000 0.014337270952 0.220023560867 -0.016663968322 0.599271289227 0.316518443666
1.211221120000 0.012961563981 0.215751226759 -0.018275846339 0.598166535457 0.308864415186
1.213421340000 0.011591363855 0.210614798230 -0.020461392819 0.596958273345 0.300298791830
1.215621560000 0.010219610811 0.204225925074 -0.023481732788 0.595604525774 0.290521271207
1.217821780000 0.008856775406 0.196234295062 -0.027616801239 0.594032600555 0.279083286348
1.220022000000 0.007498075912 0.185982185613 -0.033436753251 0.592132219119 0.265571035441
