1.009900990100 5.688618918845 2.628895188171 -0.141896812045 1.534769762743 1.831443891198
1.019801980200 5.629513041980 2.612882852147 -0.135014295738 1.529714954593 1.818872411805
1.029702970300 5.572445933483 2.597553050170 -0.128435833652 1.524873893186 1.806716443342
1.039603960400 5.517352620754 2.582877774056 -0.122150457130 1.520235447975 1.794974027346
1.049504950500 5.464171160194 2.568830320072 -0.116147325382 1.515789084059 1.783643087830
1.059405940590 5.412842488893 2.555385231343 -0.110415730965 1.511524844492 1.772721368973
1.069306930690 5.363310284850 2.542518242876 -0.104945106259 1.507433333584 1.762206379473
1.079207920790 5.315520835906 2.530206229250 -0.099725030737 1.503505701078 1.752095343516
1.089108910890 5.269422915790 2.518427154503 -0.094745238631 1.499733626947 1.742385157946
1.099009900990 5.224967667527 2.507160024316 -0.089995626856 1.496109306724 1.733072355569
1.108910891090 5.182108493414 2.496384840245 -0.085466262925 1.492625437188 1.724153074310
1.118811881190 5.140800951134 2.486082555913 -0.081147392692 1.489275202293 1.715623031990
1.128712871290 5.101002655551 2.476235035012 -0.077029447740 1.486052259207 1.707477506523
1.138613861390 5.062673185733 2.466825010983 -0.073103052252 1.482950724366 1.699711321288
1.148514851490 5.025773996706 2.457836048207 -0.069359029233 1.479965159447 1.692318835495
1.158415841580 4.990268335446 2.449252504491 -0.065788405898 1.477090557190 1.685293939331
1.168316831680 4.956093464333 2.441054695776 -0.062404153778 1.474322200167 1.678610822759
1.178217821780 4.923258423190 2.433234679593 -0.059165075890 1.471656031632 1.672296359351
1.188118811880 4.891716390426 2.425776776799 -0.056074275430 1.469088205517 1.666326275821
1.198019801980 4.861436326360 2.418667959730 -0.053124221936 1.466615280034 1.660693177463
1.207920792080 4.832388999427 2.411895848708 -0.050307274987 1.464234169128 1.655388642886
1.217821782180 4.804546587794 2.405448623896 -0.047615921778 1.461942125063 1.650403738994
1.227722772280 4.777882504502 2.399314953854 -0.045042806194 1.459736721499 1.645729100888
1.237623762380 4.752371217203 2.393483895668 -0.042580700795 1.457615836247 1.641354958927
1.247524752480 4.727987963192 2.387944716234 -0.040222414648 1.455577633444 1.637271134272
1.257425742570 4.704708147111 2.382686493886 -0.037960543116 1.453620544580 1.633466949184
1.267326732670 4.682505629992 2.377696959254 -0.035786641860 1.451743246049 1.629930744046
1.277227722770 4.661345076158 2.372957238052 -0.033686793653 1.449944617807 1.626646093163
1.287128712870 4.640721031420 2.368130508085 -0.031559352755 1.448222684503 1.623773664345
1.297029702970 4.621964892904 2.364124987875 -0.029716098603 1.446580717323 1.620946069297
1.306930693070 4.604187025310 2.360338298474 -0.027934453475 1.445014965009 1.618352052001
1.316831683170 4.587374417351 2.356766010478 -0.026209748610 1.443525218131 1.615979349009
1.326732673270 4.571514803133 2.353403944585 -0.024537566106 1.442111393879 1.613815896786
1.336633663370 4.556596645684 2.350248163818 -0.022913727622 1.440773520566 1.611849837616
1.346534653470 4.542609121537 2.347294966357 -0.021334284458 1.439511722286 1.610069566098
1.356435643560 4.529542106328 2.344540878900 -0.019795507514 1.438326203818 1.608463783211
1.366336633660 4.517386161311 2.341982650494 -0.018293876899 1.437217235862 1.607021552866
1.376237623760 4.506132520953 2.339617246862 -0.016826071128 1.436185140715 1.605732359451
1.386138613860 4.495773081307 2.337441845121 -0.015388955876 1.435230278435 1.604586165491
1.396039603960 4.486329568589 2.335478817711 -0.013953844864 1.434353254300 1.603548660358
1.405940594060 4.477751202936 2.333689348249 -0.012555562829 1.433554239748 1.602654602396
1.415841584160 4.470046909455 2.332083763013 -0.011179555276 1.432833701594 1.601874241699
1.425742574260 4.463211945930 2.330660823017 -0.009822383142 1.432192045295 1.601200780741
1.435643564360 4.457241695543 2.329419098356 -0.008481354377 1.431629654585 1.600627346858
1.445544554460 4.452132039953 2.328357270149 -0.007154022003 1.431146884925 1.600147734340
1.455445544550 4.447879428401 2.327474187636 -0.005838083202 1.430744055969 1.599756524289
1.465346534650 4.444480896660 2.326768884962 -0.004531338608 1.430421444782 1.599449137969
1.475247524750 4.441934072664 2.326240587098 -0.003231667338 1.430179280066 1.599221872594
1.485148514850 4.440237177757 2.325888712029 -0.001937007328 1.430017737486 1.599071928112
1.495049504950 4.439389026569 2.325712871559 -0.000645337744 1.429936936127 1.598997426911
1.504950495050 4.439389026569 2.325712871559 0.000645337744 1.429936936127 1.598997426911
1.514851485150 4.440237177757 2.325888712029 0.001937007328 1.430017737486 1.599071928112
1.524752475250 4.441934072664 2.326240587098 0.003231667338 1.430179280066 1.599221872594
1.534653465350 4.444480896660 2.326768884962 0.004531338608 1.430421444782 1.599449137969
1.544554455450 4.447879428401 2.327474187636 0.005838083202 1.430744055969 1.599756524289
1.554455445540 4.452132039953 2.328357270149 0.007154022003 1.431146884925 1.600147734340
1.564356435640 4.457241695543 2.329419098356 0.008481354377 1.431629654585 1.600627346858
1.574257425740 4.463211945930 2.330660823017 0.009822383142 1.432192045295 1.601200780741
1.584158415840 4.470046909455 2.332083763013 0.011179555276 1.432833701594 1.601874241699
1.594059405940 4.477751202936 2.333689348249 0.012555562829 1.433554239748 1.602654602396
1.603960396040 4.486329568589 2.335478817711 0.013953844864 1.434353254300 1.603548660358
1.613861386140 4.495773081307 2.337441845121 0.015388955876 1.435230278435 1.604586165491
1.623762376240 4.506132520953 2.339617246862 0.016826071128 1.436185140715 1.605732359451
1.633663366340 4.517386161311 2.341982650494 0.018293876899 1.437217235862 1.607021552866
1.643564356440 4.529542106328 2.344540878900 0.019795507514 1.438326203818 1.608463783211
1.653465346530 4.542609121537 2.347294966357 0.021334284458 1.439511722286 1.610069566098
1.663366336630 4.556596645684 2.350248163818 0.022913727622 1.440773520566 1.611849837616
1.673267326730 4.571514803133 2.353403944585 0.024537566106 1.442111393879 1.613815896786
1.683168316830 4.587374417351 2.356766010478 0.026209748610 1.443525218131 1.615979349009
1.693069306930 4.604187025310 2.360338298474 0.027934453475 1.445014965009 1.618352052001
1.702970297030 4.621964892904 2.364124987875 0.029716098603 1.446580717323 1.620946069297
1.712871287130 4.640721031420 2.368130508085 0.031559352755 1.448222684503 1.623773664345
1.722772277230 4.661345076158 2.372957238052 0.033686793653 1.449944617807 1.626646093163
1.732673267330 4.682505629992 2.377696959254 0.035786641860 1.451743246049 1.629930744046
1.742574257430 4.704708147111 2.382686493886 0.037960543116 1.453620544580 1.633466949184
1.752475247520 4.727987963192 2.387944716234 0.040222414648 1.455577633444 1.637271134272
1.762376237620 4.752371217203 2.393483895668 0.042580700795 1.457615836247 1.641354958927
1.772277227720 4.777882504502 2.399314953854 0.045042806194 1.459736721499 1.645729100888
1.782178217820 4.804546587794 2.405448623896 0.047615921778 1.461942125063 1.650403738994
1.792079207920 4.832388999427 2.411895848708 0.050307274987 1.464234169128 1.655388642886
1.801980198020 4.861436326360 2.418667959730 0.053124221936 1.466615280034 1.660693177463
1.811881188120 4.891716390426 2.425776776799 0.056074275430 1.469088205517 1.666326275821
1.821782178220 4.923258423190 2.433234679593 0.059165075890 1.471656031632 1.672296359351
1.831683168320 4.956093464333 2.441054695776 0.062404153778 1.474322200167 1.678610822758
1.841584158420 4.990268335446 2.449252504491 0.065788405898 1.477090557190 1.685293939331
1.851485148510 5.025773996706 2.457836048207 0.069359029233 1.479965159447 1.692318835495
1.861386138610 5.062673185733 2.466825010983 0.073103052252 1.482950724366 1.699711321288
1.871287128710 5.101002655551 2.476235035012 0.077029447740 1.486052259207 1.707477506523
1.881188118810 5.140800951134 2.486082555913 0.081147392692 1.489275202293 1.715623031990
1.891089108910 5.182108493414 2.496384840245 0.085466262925 1.492625437188 1.724153074310
1.900990099010 5.224967667527 2.507160024316 0.089995626856 1.496109306724 1.733072355569
1.910891089110 5.269422915790 2.518427154503 0.094745238631 1.499733626947 1.742385157946
1.920792079210 5.315520835906 2.530206229250 0.099725030737 1.503505701078 1.752095343516
1.930693069310 5.363310284850 2.542518242876 0.104945106259 1.507433333584 1.762206379473
1.940594059410 5.412842488893 2.555385231343 0.110415730965 1.511524844492 1.772721368973
1.950495049500 5.464171160194 2.568830320072 0.116147325382 1.515789084059 1.783643087830
1.960396039600 5.517352620754 2.582877774056 0.122150457130 1.520235447975 1.794974027346
1.970297029700 5.572445933483 2.597553050170 0.128435833652 1.524873893186 1.806716443342
1.980198019800 5.629513041980 2.612882852147 0.135014295738 1.529714954593 1.818872411805
1.990099009900 5.688618918845 2.628895188171 0.141896812045 1.534769762743 1.831443891198
