1.002200220000 9.328106866021 3.442682572283 -0.101002787017 1.598741124282 2.058360816696
1.004400440000 9.319441636969 3.440030083943 -0.098836467891 1.597950006460 2.056911910279
1.006600660000 9.310959138483 3.437435274273 -0.096680428941 1.597178658752 2.055494562970
1.008800880000 9.302660695792 3.434891410307 -0.094533779907 1.596422372061 2.054103872006
1.011001100000 9.294546882866 3.432400522743 -0.092396334861 1.595681462253 2.052739717625
1.013201320000 9.286610716701 3.429966744338 -0.090268617269 1.594960353320 2.051409241754
1.015401540000 9.278814293754 3.427584219632 -0.088149801401 1.594254173689 2.050105796132
1.017601760000 9.271205230512 3.425256241721 -0.086040112592 1.593566985938 2.048833992337
1.019801980000 9.263796196436 3.422979030860 -0.083938582415 1.592894287501 2.047587643339
1.022002200000 9.256499020414 3.420753452820 -0.081845819768 1.592238178714 2.046371820452
1.024202420000 9.249427342280 3.418584611221 -0.079761599939 1.591600753856 2.045187132722
1.026402640000 9.242519419964 3.416464334964 -0.077686145945 1.590978413861 2.044030116873
1.028602860000 9.235772297956 3.414395604664 -0.075618110093 1.590372722400 2.042902661269
1.030803080000 9.229186042413 3.412380325232 -0.073558200078 1.589784351907 2.041806159103
1.033003300000 9.222777158349 3.410416867665 -0.071506262954 1.589212909756 2.040739918186
1.035203520000 9.216529268908 3.408500940292 -0.069461704771 1.588656233230 2.039699733585
1.037403740000 9.210462587270 3.406638689707 -0.067424658090 1.588116416967 2.038690771483
1.039603960000 9.204561541362 3.404826466397 -0.065394885362 1.587594311926 2.037712637246
1.041804180000 9.198829966418 3.403062477211 -0.063372231745 1.587085638570 2.036760287314
1.044004400000 9.193252406767 3.401350191613 -0.061356370313 1.586595674315 2.035841190471
1.046204620000 9.187845357434 3.399686815430 -0.059347206941 1.586120145006 2.034948715784
1.048404840000 9.182617850385 3.398074429092 -0.057344847041 1.585662379520 2.034087871275
1.050605060000 9.177548583081 3.396509412751 -0.055348716376 1.585219524022 2.033255219043
1.052805280000 9.172631133240 3.394995877254 -0.053358882184 1.584793846463 2.032453585236
1.055005500000 9.171039171992 3.394687359829 -0.050921717967 1.584386024458 2.031665917136
1.057205720000 9.167030705540 3.393482864656 -0.048862447045 1.583993564026 2.030922635548
1.059405940000 9.163081014577 3.392302852950 -0.046818320481 1.583615385892 2.030205823117
1.061606160000 9.159321760599 3.391161083962 -0.044783860752 1.583253757997 2.029521017975
1.063806380000 9.155691408172 3.390064595112 -0.042756415308 1.582908129960 2.028864889776
1.066006600000 9.152196271515 3.389014466717 -0.040735460465 1.582578832674 2.028239957480
1.068206820000 9.148890411503 3.388012561478 -0.038719705542 1.582265318450 2.027644969767
1.070407040000 9.145737445405 3.387057961759 -0.036708666381 1.581967041408 2.027078127128
1.072607260000 9.142726787676 3.386154189432 -0.034702033638 1.581685565429 2.026542829957
1.074807480000 9.139917552799 3.385298730039 -0.032699374138 1.581418062837 2.026034117468
1.077007700000 9.137244149199 3.384491487543 -0.030700176205 1.581166801735 2.025556544843
1.079207920000 9.134773723213 3.383738421949 -0.028704597248 1.580932819710 2.025110643878
1.081408140000 9.132412975232 3.383033010736 -0.026711976840 1.580714346894 2.024693769315
1.083608360000 9.130240759642 3.382378399017 -0.024722122763 1.580511195047 2.024306599589
1.085808580000 9.128253882729 3.381772917446 -0.022734955062 1.580322300164 2.023947516016
1.088008800000 9.126433094699 3.381220519987 -0.020750344524 1.580151158652 2.023620366164
1.090209020000 9.124738732704 3.380715924759 -0.018767725039 1.579994954245 2.023322380174
1.092409240000 9.123261248120 3.380262295380 -0.016787036631 1.579853853360 2.023053243210
1.094609460000 9.121921549737 3.379859584069 -0.014807975937 1.579729074571 2.022814939356
1.096809680000 9.120767708457 3.379506951496 -0.012830570955 1.579619909299 2.022606584466
1.099009900000 9.119748481429 3.379204360856 -0.010854556186 1.579525650305 2.022427007915
1.101210120000 9.118952095087 3.378953781828 -0.008879304041 1.579448569526 2.022279061409
1.103410340000 9.118233203970 3.378750785793 -0.006905211925 1.579384808386 2.022157995374
1.105610560000 9.117745736216 3.378600962012 -0.004931970083 1.579339267867 2.022070975252
1.107810780000 9.117408625833 3.378500685624 -0.002958867333 1.579307566209 2.022009664103
1.110011000000 9.117240079989 3.378449949266 -0.000986231436 1.579292328849 2.021980948193
1.112211220000 9.117241539233 3.378449949222 0.000986186466 1.579292328849 2.021980948167
1.114411440000 9.117420300234 3.378500685668 0.002958882534 1.579307566209 2.022009807677
1.116611660000 9.117739898595 3.378600561526 0.004932029815 1.579339443018 2.022071118983
1.118811880000 9.118240501787 3.378750785124 0.006905113490 1.579384808386 2.022157707837
1.121012100000 9.118928738468 3.378953781899 0.008879312800 1.579448744702 2.022279348621
1.123212320000 9.119766732059 3.379203959294 0.010854495680 1.579525650305 2.022427151133
1.125412540000 9.120747263269 3.379506949784 0.012830435957 1.579619909299 2.022606583441
1.127612760000 9.121930314206 3.379859984166 0.014807911232 1.579729249809 2.022815082435
1.129812980000 9.123252481093 3.380261891706 0.016786883378 1.579853678095 2.023053098014
1.132013200000 9.124762119096 3.380715922138 0.018767585102 1.579994778949 2.023322666060
1.134213420000 9.126433094699 3.381220517524 0.020750224400 1.580151333983 2.023620364689
1.136413640000 9.128254614115 3.381772918645 0.022735009250 1.580322300164 2.023947660546
1.138613860000 9.130256857169 3.382378800510 0.024722118186 1.580511195047 2.024306599500
1.140814080000 9.132426152199 3.383033008554 0.026711894163 1.580713995982 2.024693768009
1.143014300000 9.134748088193 3.383738020347 0.028704606835 1.580932819710 2.025110500115
1.145214520000 9.137247080510 3.384491487543 0.030700176205 1.581166977292 2.025556544843
1.147414740000 9.139925618625 3.385297921217 0.032699237525 1.581418062837 2.026033826754
1.149614960000 9.142745864101 3.386154590716 0.034702000111 1.581685565429 2.026542829228
1.151815180000 9.145735242834 3.387058363088 0.036708627848 1.581967041408 2.027077837821
1.154015400000 9.148915391260 3.388012556532 0.038719574623 1.582265670051 2.027644822489
1.156215620000 9.152219798864 3.389014058675 0.040735337821 1.582578832674 2.028240098955
1.158415840000 9.155673749259 3.390064589515 0.042756285528 1.582908129960 2.028865175396
1.160616060000 9.159333542583 3.391161077963 0.044783724789 1.583253581977 2.029521014385
1.162816280000 9.163124496464 3.392302852448 0.046818306247 1.583615385892 2.030205533480
1.165016500000 9.167043982595 3.393483263795 0.048862343482 1.583993564026 2.030922487767
1.167216720000 9.171042125026 3.394687362014 0.050921759754 1.584386024458 2.031665773576
1.169416940000 9.172660673921 3.394995872186 0.053358787530 1.584794199189 2.032453727177
1.171617160000 9.177558194078 3.396509410061 0.055348662991 1.585219524022 2.033254927263
1.173817380000 9.182629692379 3.398074831939 0.057344808359 1.585662556076 2.034087869855
1.176017600000 9.187870550366 3.399687016877 0.059347183459 1.586120321664 2.034948569659
1.178217820000 9.193258341482 3.401350591396 0.061356271216 1.586595674315 2.035841186766
1.180418040000 9.198841107522 3.403062879133 0.063372157238 1.587085815443 2.036759847956
1.182618260000 9.204580133030 3.404826256532 0.065394782432 1.587594311926 2.037712633369
1.184818480000 9.210481202784 3.406638272857 0.067424503122 1.588116416967 2.038690474041
1.187018700000 9.216541944130 3.408502156031 0.069461617525 1.588656410454 2.039700021261
1.189218920000 9.222774171904 3.410416454842 0.071506188134 1.589212909756 2.040739769225
1.191419140000 9.229199500124 3.412380326334 0.073558215379 1.589784529382 2.041806159762
1.193619360000 9.235746092935 3.414395592967 0.075617954668 1.590372722400 2.042902800681
1.195819580000 9.242511921856 3.416464118992 0.077685995581 1.590978236119 2.044030110146
1.198019800000 9.249416829236 3.418584207928 0.079761686280 1.591600753856 2.045187430152
1.200220020000 9.256485482971 3.420753859741 0.081845777591 1.592238178714 2.046371671454
1.202420240000 9.263757026691 3.422979641238 0.083938518906 1.592894287501 2.047587786765
1.204620460000 9.271199949204 3.425254378210 0.086039892959 1.593565559373 2.048831335198
1.206820680000 9.278803713801 3.427584802829 0.088149406866 1.594254709113 2.050105922692
1.209020900000 9.286595577079 3.429966314974 0.090268420901 1.594960531953 2.051409231715
1.211221120000 9.294547641143 3.432400716439 0.092396187791 1.595681462253 2.052739414394
1.213421340000 9.302678926256 3.434889741182 0.094533547709 1.596420940379 2.054101496232
1.215621560000 9.310965987101 3.437433385131 0.096680073089 1.597177225714 2.055491733406
1.217821780000 9.319459170916 3.440030294267 0.098836504320 1.597950544370 2.056912060335
1.220022000000 9.328097700881 3.442682349722 0.101002632975 1.598740944802 2.058360807848
