1.009900990100 0.014004444446 0.255453029821 0.030923684339 0.626210136540 0.348288981434
1.019801980200 0.021168369017 0.272171122304 0.026513879872 0.631308964011 0.371683334251
1.029702970300 0.028332293588 0.288889214788 0.022104075405 0.636407791481 0.395077687069
1.039603960400 0.035624016584 0.304280001761 0.018171322820 0.641204896679 0.417030946781
1.049504950500 0.043152369401 0.316129805492 0.015841101245 0.645422046941 0.435504079594
1.059405940590 0.050824363786 0.325811943289 0.014257209689 0.649154375912 0.451484910058
1.069306930690 0.058525445651 0.334029526876 0.013023050194 0.652467998491 0.465537799399
1.079207920790 0.066150847892 0.341259852248 0.011992960859 0.655621107620 0.478122499742
1.089108910890 0.073608362973 0.347680697150 0.011026466248 0.658431962948 0.489406514625
1.099009900990 0.080835533038 0.353413993982 0.010118272555 0.660932446867 0.499545988991
1.108910891090 0.087807960070 0.358658611570 0.009274625880 0.663405777842 0.508835987152
1.118811881190 0.094518218612 0.363436008466 0.008441554127 0.665623789986 0.517322980354
1.128712871290 0.100965990446 0.367816808677 0.007692528191 0.667698167484 0.525114096672
1.138613861390 0.107153966675 0.371877491093 0.006997635684 0.669722607671 0.532317582785
1.148514851490 0.113095227117 0.375645163778 0.006334020531 0.671606590967 0.538990781733
1.158415841580 0.118818224614 0.379161665293 0.005708949708 0.673352342163 0.545207732030
1.168316831680 0.124316222550 0.382459101760 0.005159858911 0.675070911702 0.551016099465
1.178217821780 0.129596469734 0.385518089692 0.004624255194 0.676597429173 0.556396355947
1.188118811880 0.134685020837 0.388442295928 0.004170564793 0.678194832773 0.561510862786
1.198019801980 0.139578210221 0.391165775795 0.003721516818 0.679605354971 0.566289288464
1.207920792080 0.144254351313 0.393669794398 0.003296337874 0.680859259596 0.570697470692
1.217821782180 0.148757051129 0.396069473437 0.002913058496 0.682173619254 0.574901193221
1.227722772280 0.153069765092 0.398298494691 0.002550383053 0.683320197985 0.578813530464
1.237623762380 0.157205429465 0.400384016677 0.002209446209 0.684337294637 0.582477332433
1.247524752480 0.161173149924 0.402394018880 0.001910440746 0.685451807262 0.585979762318
1.257425742570 0.164957304003 0.404247327404 0.001632133524 0.686408666298 0.589215251623
1.267326732670 0.168565594046 0.405967930846 0.001370610509 0.687236305923 0.592219365196
1.277227722770 0.172013561445 0.407619587887 0.001168384041 0.688149142394 0.595082502922
1.287128712870 0.175291153464 0.409141605761 0.000979481260 0.688896366981 0.597733765707
1.297029702970 0.178432465871 0.410643076666 0.000835814065 0.689772995465 0.600318437435
1.306930693070 0.181405802746 0.412043494464 0.000706155546 0.690596600691 0.602731360781
1.316831683170 0.184218023228 0.413328562846 0.000564432848 0.691293190218 0.604955472438
1.326732673270 0.186888682297 0.414572523528 0.000434661824 0.692036687578 0.607094611111
1.336633663370 0.189400090741 0.415725388813 0.000317446498 0.692712997054 0.609077521146
1.346534653470 0.191722781807 0.416707009014 0.000222739580 0.693133112740 0.610798267287
1.356435643560 0.193919291456 0.417685659292 0.000141303299 0.693680748214 0.612487389849
1.366336633660 0.195943037305 0.418540801027 0.000068375654 0.694070429501 0.613976180541
1.376237623760 0.197812347520 0.419304193966 -0.000001566988 0.694364127200 0.615312369388
1.386138613860 0.199539082469 0.420035223207 -0.000009032431 0.694783767970 0.616571733726
1.396039603960 0.201110828215 0.420672617508 -0.000007262424 0.695079285670 0.617676421071
1.405940594060 0.202569863266 0.421318612860 -0.000010235551 0.695478592409 0.618772475798
1.415841584160 0.203899903941 0.421950812691 -0.000013322864 0.695977999785 0.619828968371
1.425742574260 0.205055128350 0.422437060563 -0.000024770919 0.696233443361 0.620663727567
1.435643564360 0.206074454283 0.422885444759 -0.000042615215 0.696528242122 0.621423113678
1.445544554460 0.206962306907 0.423306211089 -0.000054113453 0.696856082640 0.622129100649
1.455445544550 0.207666620572 0.423558744863 -0.000071404688 0.696861103533 0.622583820715
1.465346534650 0.208231380243 0.423777680736 -0.000073481379 0.696940204671 0.622969081451
1.475247524750 0.208638028375 0.423914466341 -0.000066042822 0.696988572878 0.623215707290
1.485148514850 0.208886395422 0.423941606953 -0.000049802726 0.696855068622 0.623296053199
1.495049504950 0.209026216969 0.423991728495 -0.000021996850 0.696869063426 0.623384590641
1.504950495050 0.209026216969 0.423991728495 0.000021996850 0.696869063426 0.623384590641
1.514851485150 0.208886395422 0.423941606953 0.000049802726 0.696855068622 0.623296053199
1.524752475250 0.208638028375 0.423914466341 0.000066042822 0.696988572878 0.623215707290
1.534653465350 0.208231380243 0.423777680736 0.000073481379 0.696940204671 0.622969081451
1.544554455450 0.207666620572 0.423558744863 0.000071404688 0.696861103533 0.622583820715
1.554455445540 0.206962306907 0.423306211089 0.000054113453 0.696856082640 0.622129100649
1.564356435640 0.206074454283 0.422885444759 0.000042615215 0.696528242122 0.621423113678
1.574257425740 0.205055128350 0.422437060563 0.000024770919 0.696233443361 0.620663727567
1.584158415840 0.203899903941 0.421950812691 0.000013322864 0.695977999785 0.619828968371
1.594059405940 0.202569863266 0.421318612860 0.000010235551 0.695478592409 0.618772475798
1.603960396040 0.201110828215 0.420672617508 0.000007262424 0.695079285670 0.617676421071
1.613861386140 0.199539082469 0.420035223207 0.000009032431 0.694783767970 0.616571733726
1.623762376240 0.197812347520 0.419304193966 0.000001566988 0.694364127200 0.615312369388
1.633663366340 0.195943037305 0.418540801027 -0.000068375654 0.694070429501 0.613976180541
1.643564356440 0.193919291456 0.417685659292 -0.000141303299 0.693680748214 0.612487389849
1.653465346530 0.191722781807 0.416707009014 -0.000222739580 0.693133112740 0.610798267287
1.663366336630 0.189400090741 0.415725388813 -0.000317446498 0.692712997054 0.609077521146
1.673267326730 0.186888682297 0.414572523528 -0.000434661824 0.692036687578 0.607094611111
1.683168316830 0.184218023228 0.413328562846 -0.000564432848 0.691293190218 0.604955472438
1.693069306930 0.181405802746 0.412043494464 -0.000706155546 0.690596600691 0.602731360781
1.702970297030 0.178432465871 0.410643076666 -0.000835814065 0.689772995465 0.600318437435
1.712871287130 0.175291153464 0.409141605761 -0.000979481260 0.688896366981 0.597733765707
1.722772277230 0.172013561445 0.407619587887 -0.001168384041 0.688149142394 0.595082502922
1.732673267330 0.168565594046 0.405967930846 -0.001370610509 0.687236305923 0.592219365196
1.742574257430 0.164957304003 0.404247327404 -0.001632133524 0.686408666298 0.589215251623
1.752475247520 0.161173149924 0.402394018880 -0.001910440746 0.685451807262 0.585979762318
1.762376237620 0.157205429465 0.400384016677 -0.002209446209 0.684337294637 0.582477332433
1.772277227720 0.153069765092 0.398298494691 -0.002550383053 0.683320197985 0.578813530464
1.782178217820 0.148757051129 0.396069473437 -0.002913058496 0.682173619254 0.574901193221
1.792079207920 0.144254351313 0.393669794398 -0.003296337874 0.680859259596 0.570697470692
1.801980198020 0.139578210221 0.391165775795 -0.003721516818 0.679605354971 0.566289288464
1.811881188120 0.134685020837 0.388442295928 -0.004170564793 0.678194832773 0.561510862786
1.821782178220 0.129596469734 0.385518089692 -0.004624255194 0.676597429173 0.556396355947
1.831683168320 0.124316222550 0.382459101760 -0.005159858911 0.675070911702 0.551016099465
1.841584158420 0.118818224614 0.379161665293 -0.005708949708 0.673352342163 0.545207732030
1.851485148510 0.113095227117 0.375645163778 -0.006334020531 0.671606590967 0.538990781733
1.861386138610 0.107153966675 0.371877491093 -0.006997635684 0.669722607671 0.532317582785
1.871287128710 0.100965990446 0.367816808677 -0.007692528191 0.667698167484 0.525114096672
1.881188118810 0.094518218612 0.363436008466 -0.008441554127 0.665623789986 0.517322980354
1.891089108910 0.087807960070 0.358658611570 -0.009274625880 0.663405777842 0.508835987152
1.900990099010 0.080835533038 0.353413993982 -0.010118272555 0.660932446867 0.499545988991
1.910891089110 0.073608362973 0.347680697150 -0.011026466248 0.658431962948 0.489406514625
1.920792079210 0.066150847892 0.341259852248 -0.011992960859 0.655621107620 0.478122499742
1.930693069310 0.058525445651 0.334029526876 -0.013023050194 0.652467998491 0.465537799399
1.940594059410 0.050824363786 0.325811943289 -0.014257209689 0.649154375912 0.451484910058
1.950495049500 0.043152369401 0.316129805492 -0.015841101245 0.645422046941 0.435504079594
1.960396039600 0.035624016584 0.304280001761 -0.018171322820 0.641204896679 0.417030946781
1.970297029700 0.028332293588 0.288889214788 -0.022104075405 0.636407791481 0.395077687069
1.980198019800 0.021168369017 0.272171122304 -0.026513879872 0.631308964011 0.371683334251
1.990099009900 0.014004444446 0.255453029821 -0.030923684339 0.626210136540 0.348288981434
